$ 1 2.5000000000000004e-7 30.13683688681966 50 5 43 5e-11
165 192 32 256 32 6 0.006843271826191482
w 160 0 256 0 0
w 256 0 320 0 0
w 320 0 320 64 0
w 288 192 288 256 0
w 288 256 256 256 0
w 512 96 512 192 0
d 448 64 512 64 2 default
R 448 0 480 0 0 0 40 0 0 0 0.5
w 448 64 448 96 0
w 384 96 384 192 0
w 512 256 576 256 0
w 576 64 512 64 0
R -288 0 -320 0 0 0 40 18 0 0 0.5
c 512 192 512 256 0 0.002 6.964206813581841 0.001
w 352 224 320 224 0
w 384 240 384 256 0
w 384 96 384 64 0
f 352 224 384 224 32 1.5 15
c 384 96 448 96 0 0.0000032999999999999997 17.98014000528476 0.001
T 384 0 448 64 0 0.000014999999999999999 1 -0.7603296288085002 0.7603297624458669 0.999
w 320 96 320 224 0
w 384 256 288 256 0
174 576 256 608 208 1 100000 0.024800000000000003 Resistance
w 384 192 384 208 0
w 192 128 192 160 0
c 96 192 96 256 0 4.7e-10 1.7368065284478713 0.001
w 96 192 96 160 0
r 96 64 96 128 0 10000
r 96 0 96 64 0 10000
w 192 64 96 64 0
w 96 128 192 128 0
w 96 256 256 256 0
R -224 256 -256 256 0 0 40 0 0 0 0.5
34 zener-3.3 1 1.7143528192810002e-7 0 2.0000000000000084 3.3 1
z 256 256 256 192 2 zener-3.3
w 192 80 192 -64 0
w 608 256 640 256 0
r 640 256 640 192 0 10
w 640 192 640 64 0
w 640 64 576 64 0
O 768 64 816 64 1 0
w 320 0 384 0 0
w 576 192 576 128 0
t 160 96 192 96 0 1 0.4904539565040986 -0.9329667560243007 100 default
w 192 128 192 112 0
w 160 96 160 64 0
r 160 0 160 64 0 1000000
w 160 0 96 0 0
w 96 128 96 160 0
w 192 -64 384 -64 0
w 512 96 512 64 0
f 736 224 768 224 32 1.5 15
174 704 192 736 256 1 1000000 0.797 Resistance
w 704 256 640 256 0
w 736 256 768 256 0
w 768 64 704 64 0
w 704 64 640 64 0
w 704 192 704 64 0
r 416 -32 480 -32 0 1000000
t 416 -32 384 -32 1 -1 17.172607972517575 -0.5017818819107731 100 default
w 384 -48 384 -64 0
w 384 -64 608 -64 0
w 768 -32 768 192 0
w 768 -32 480 -32 0
r 768 -96 768 -32 0 10000000
R 768 -96 768 -128 0 0 40 18 0 0 0.5
w 768 208 768 192 0
w 384 0 384 -16 0
w 608 256 576 256 0
w 736 256 704 256 0
w 768 240 768 256 0
r 768 192 832 192 0 100000
t 832 192 864 192 0 -1 17.226591252463372 -0.30258267512235903 100 default
w 864 176 864 160 0
162 864 96 864 160 2 default-led 1 0 0 0.01
w 864 256 768 256 0
w 864 208 864 256 0
w 608 224 608 -64 0
w 576 128 576 64 0
w 768 -96 864 -96 0
w 864 -96 864 96 0
w 32 0 96 0 0
162 32 128 32 192 2 default-led 1 0 0 0.02
w 32 256 96 256 0
r 32 192 32 256 0 1000
w 32 128 32 0 0
c -32 192 -32 256 0 0.002 17.98777567034782 0.001
w 32 256 -32 256 0
w -32 192 -32 0 0
f -96 192 -96 256 32 1.5 15
w -112 256 -128 256 0
w -80 256 -64 256 0
w -64 256 -32 256 0
34 fwdrop\q0.806 1 1.7143528192810002e-7 0 2.0000000000000084 55 1
z -128 288 -64 288 2 fwdrop\q0.806
w -64 288 -64 256 0
w -128 288 -128 256 0
c -224 192 -224 256 0 0.000001 10.538962105730183 0.001
w -224 256 -160 256 0
t -192 160 -160 160 0 1 -7.45565683651226 0.5879507463121421 100 default
w -160 176 -160 192 0
w -160 144 -160 0 0
w -160 0 -32 0 0
w -32 0 32 0 0
w -224 192 -224 160 0
w -224 160 -192 160 0
r -224 160 -224 96 0 1000000
r -288 0 -224 0 0 0.05
w -224 0 -224 96 0
R 512 256 512 288 0 0 40 0 0 0 0.5
w -224 0 -160 0 0
34 zener-10 1 1.7143528192810002e-7 0 2.0000000000000084 10 1
z -160 256 -160 192 2 zener-10
w -160 256 -128 256 0
w -96 192 -160 192 0
O -96 192 -96 128 1 0
O -224 160 -288 160 1 0
o 13 1 7 135175 10 0.4 0 1 10
o 37 1 7 135427 20 0.2 0 1 10
o 21 1 0 37131 20 0.00009765625 0 2 21 3
