$ 1 2.5000000000000004e-7 21.593987231061412 50 5 43 5e-11
165 -16 48 48 48 6 11.92941093873909
w -48 16 48 16 0
w 48 16 112 16 0
w 112 16 112 80 0
w 80 208 80 272 0
w 80 272 48 272 0
w 304 112 304 208 0
d 240 80 304 80 2 default
R 240 16 272 16 0 0 40 0 0 0 0.5
w 240 80 240 112 0
w 176 112 176 208 0
w 304 272 368 272 0
w 368 80 304 80 0
R -176 16 -208 16 0 0 40 12 0 0 0.5
w 240 272 304 272 0
c 304 208 304 272 0 0.001 2.999085846563826 0.001
w 144 240 112 240 0
w 240 272 176 272 0
w 176 256 176 272 0
w 176 112 176 80 0
f 144 240 176 240 32 1.5 15
r -112 16 -176 16 0 0.05
c 176 112 240 112 0 0.0000032999999999999997 11.917969043124295 0.001
T 176 16 240 80 0 0.000014999999999999999 1 1.4095928266344717 0.09273176747718992 0.999
w 112 112 112 240 0
w 176 272 80 272 0
174 368 272 400 224 1 100000 0.5198 Resistance
w 176 208 176 224 0
w -16 144 -16 176 0
c -112 208 -112 272 0 4.7e-10 3.4563009359076884 0.001
w -112 208 -112 176 0
r -112 80 -112 144 0 10000
r -112 16 -112 80 0 10000
w -16 80 -112 80 0
w -112 144 -16 144 0
w -112 272 48 272 0
R -112 272 -144 272 0 0 40 0 0 0 0.5
34 zener-3.3 1 1.7143528192810002e-7 0 2.0000000000000084 3.3 1
z 48 272 48 208 2 zener-3.3
w -16 96 -16 -48 0
w 368 272 432 272 0
r 432 272 432 208 0 10
w 432 208 432 80 0
w 432 80 368 80 0
O 560 80 608 80 1 0
w 112 16 176 16 0
w 368 208 368 80 0
t -48 112 -16 112 0 1 0.4735395784298597 -0.46233979961945604 100 default
w -16 144 -16 128 0
w -48 112 -48 80 0
r -48 16 -48 80 0 1000000
w -48 16 -112 16 0
w -112 144 -112 176 0
w -16 -48 176 -48 0
w 400 -48 400 240 0
w 304 112 304 80 0
f 528 240 560 240 32 1.5 15
174 496 208 528 272 1 1000000 0.5 Resistance
w 496 272 432 272 0
w 496 272 560 272 0
w 560 272 560 256 0
w 560 80 496 80 0
w 496 80 432 80 0
w 496 208 496 80 0
r 208 -16 272 -16 0 1000000
t 208 -16 176 -16 1 -1 8.913783905400056 -0.49520559477477377 100 default
w 176 0 176 16 0
w 176 -32 176 -48 0
w 176 -48 400 -48 0
w 560 -16 560 224 0
w 560 -16 272 -16 0
r 560 -16 560 -80 0 10000000
R 560 -80 560 -112 0 0 40 12 0 0 0.5
o 13 1 7 135175 10 0.4 0 1 20
o 40 1 7 135427 20 0.2 0 1 2.5
o 24 1 0 36875 20 0.00009765625 0 2 24 3
o 7 1 0 135169 40 3.2 1 2 7 3
o 20 1 7 135427 40 1.6 2 1 0.0390625
