$ 1 2.5000000000000004e-7 0.8729138363720133 50 5 43 5e-11
165 112 64 176 64 6 11.982973653851499
w 80 32 176 32 0
w 176 32 240 32 0
w 240 32 240 96 0
w 208 224 208 288 0
w 208 288 176 288 0
w 432 128 432 224 0
d 368 96 432 96 2 default
R 368 32 400 32 0 0 40 0 0 0 0.5
w 368 96 368 128 0
w 304 128 304 224 0
w 432 288 496 288 0
w 496 96 432 96 0
R -176 32 -208 32 0 0 40 12 0 0 0.5
w 368 288 432 288 0
c 432 224 432 288 0 0.002 3.000697228248885 0.001
w 272 256 240 256 0
w 368 288 304 288 0
w 304 272 304 288 0
w 304 128 304 96 0
f 272 256 304 256 32 1.5 15
r -48 32 -112 32 0 0.025
c 304 128 368 128 0 0.0000032999999999999997 11.963236345159856 0.001
T 304 32 368 96 0 0.000014999999999999999 1 0.5664746743362232 0.15091360570601786 0.999
w 240 128 240 256 0
w 304 288 208 288 0
174 496 288 528 240 1 100000 0.5 Resistance
w 304 224 304 240 0
w 112 160 112 192 0
c 16 224 16 288 0 4.7e-10 2.6911140022477347 0.001
w 16 224 16 192 0
r 16 96 16 160 0 10000
r 16 32 16 96 0 10000
w 112 96 16 96 0
w 16 160 112 160 0
w 16 288 176 288 0
R -112 288 -144 288 0 0 40 0 0 0 0.5
34 zener-3.3 1 1.7143528192810002e-7 0 2.0000000000000084 3.3 1
z 176 288 176 224 2 zener-3.3
w 112 112 112 -32 0
w 528 288 560 288 0
r 560 288 560 224 0 10
w 560 224 560 96 0
w 560 96 496 96 0
O 688 96 736 96 1 0
w 240 32 304 32 0
w 496 224 496 160 0
t 80 128 112 128 0 1 0.4710782778920257 0.524581704600902 100 default
w 112 160 112 144 0
w 80 128 80 96 0
r 80 32 80 96 0 1000000
w 80 32 16 32 0
w 16 160 16 192 0
w 112 -32 304 -32 0
w 432 128 432 96 0
f 656 256 688 256 32 1.5 15
174 624 224 656 288 1 1000000 0.5 Resistance
w 624 288 560 288 0
w 656 288 688 288 0
w 688 96 624 96 0
w 624 96 560 96 0
w 624 224 624 96 0
r 336 0 400 0 0 1000000
t 336 0 304 0 1 -1 8.70292081206737 -0.5354355326572549 100 default
w 304 -16 304 -32 0
w 304 -32 528 -32 0
w 688 0 688 224 0
w 688 0 400 0 0
r 688 -64 688 0 0 10000000
R 688 -64 688 -96 0 0 40 12 0 0 0.5
w 688 240 688 224 0
w 304 32 304 16 0
w 528 288 496 288 0
w 656 288 624 288 0
w 688 272 688 288 0
r 688 224 752 224 0 100000
t 752 224 784 224 0 -1 10.47505186344799 -0.46165491724472574 100 default
w 784 208 784 192 0
162 784 128 784 192 2 default-led 1 0 0 0.01
w 784 288 688 288 0
w 784 240 784 288 0
w 528 256 528 -32 0
w 496 160 496 96 0
w 688 -64 784 -64 0
w 784 -64 784 128 0
w -48 32 16 32 0
162 -48 160 -48 224 2 default-led 1 0 0 0.02
w -48 288 16 288 0
r -48 224 -48 288 0 1000
w -48 160 -48 32 0
c -112 224 -112 288 0 0.002 11.997448443095855 0.001
w -48 288 -112 288 0
w -112 224 -112 32 0
r -176 32 -112 32 0 0.025
o 13 2 7 135175 10 0.4 0 1 2.5
o 40 2 7 135427 20 0.2 0 1 2.5
o 24 2 0 36875 20 0.00009765625 0 2 24 3
